0    0    22   
1    0    39   
2    49   19   
3    49   24   
4    0    40   
5    33   0    
6    0    28   
7    18   49   
8    0    42   
9    48   49   
10   0    44   
11   0    14   
12   47   0    
13   35   49   
14   49   22   
15   49   26   
16   49   12   
17   0    4    
18   30   0    
19   47   49   
20   14   0    
21   18   0    
22   49   4    
23   49   34   
24   0    6    
25   49   17   
26   49   30   
27   11   49   
28   49   9    
29   12   49   
30   23   0    
31   49   48   
32   24   49   
33   0    20   
34   0    5    
35   40   0    
36   0    11   
37   6    0    
38   49   20   
39   49   37   
40   4    49   
41   49   14   
42   13   0    
43   49   42   
44   8    0    
45   2    0    
46   46   49   
47   44   0    
48   39   0    
49   49   39   
50   0    17   
51   0    37   
52   21   49   
53   0    32   
54   45   0    
55   7    49   
56   10   0    
57   41   49   
58   7    0    
59   49   7    
60   49   31   
61   49   21   
62   0    26   
63   22   0    
64   48   0    
65   29   0    
66   49   18   
67   35   0    
68   3    0    
69   0    33   
70   49   47   
71   43   0    
72   49   1    
73   15   0    
74   42   0    
75   45   49   
76   46   0    
77   16   49   
78   10   49   
79   0    2    
80   49   36   
81   6    49   
82   0    24   
83   0    36   
84   0    15   
85   49   10   
86   49   33   
87   20   49   
88   3    49   
89   40   49   
90   49   43   
91   42   49   
92   49   46   
93   49   3    
94   20   0    
95   0    47   
96   0    1    
97   39   49   
98   0    21   
99   9    0    
100  13   49   
101  34   0    
102  49   23   
103  31   49   
104  5    0    
105  0    13   
106  0    10   
107  49   32   
108  49   29   
109  49   27   
110  31   0    
111  26   49   
112  41   0    
113  2    49   
114  49   16   
115  29   49   
116  12   0    
117  49   8    
118  0    43   
119  28   49   
120  23   49   
121  49   28   
122  49   5    
123  27   0    
124  22   49   
125  0    23   
126  0    9    
127  49   2    
128  32   0    
129  27   49   
130  49   41   
131  28   0    
132  0    30   
133  49   44   
134  34   49   
135  21   0    
136  49   38   
137  0    19   
138  37   0    
139  14   49   
140  9    49   
141  1    49   
142  17   0    
143  36   49   
144  15   49   
145  38   49   
146  0    31   
147  1    0    
148  0    7    
149  24   0    
150  4    0    
151  0    45   
152  16   0    
153  19   42   
154  34   11   
155  27   16   
156  5    22   
157  35   41   
158  11   16   
159  45   28   
160  8    1    
161  29   26   
162  20   42   
163  30   17   
164  34   36   
165  10   14   
166  14   25   
167  16   44   
168  37   15   
169  6    21   
170  30   11   
171  45   30   
172  5    36   
173  14   1    
174  10   10   
175  31   2    
176  8    37   
177  15   20   
178  28   30   
179  13   40   
180  35   1    
181  24   42   
182  41   6    
183  10   33   
184  40   45   
185  25   39   
186  6    40   
187  38   13   
188  23   27   
189  12   15   
190  12   38   
191  29   46   
192  36   21   
193  27   28   
194  13   10   
195  27   38   
196  28   19   
197  17   34   
198  12   42   
199  43   16   
200  27   39   
201  23   15   
202  6    32   
203  29   32   
204  15   10   
205  12   36   
206  20   18   
207  38   17   
208  14   12   
209  31   32   
210  9    23   
211  32   9    
212  23   4    
213  36   31   
214  29   25   
215  33   5    
216  30   25   
217  34   8    
218  37   10   
219  23   25   
220  23   21   
221  37   19   
222  20   47   
223  39   33   
224  22   13   
225  19   34   
226  26   2    
227  29   11   
228  4    28   
229  15   28   
230  22   18   
231  16   37   
232  33   25   
233  6    14   
234  32   15   
235  10   40   
236  6    3    
237  40   47   
238  45   36   
239  15   14   
240  12   16   
241  41   22   
242  33   13   
243  15   36   
244  29   7    
245  40   6    
246  34   37   
247  21   41   
248  27   37   
249  28   20   
250  8    45   
251  21   43   
252  21   16   
253  19   3    
254  34   33   
255  28   42   
256  34   40   
257  44   44   
258  23   19   
259  31   40   
260  18   33   
261  28   29   
262  13   26   
263  5    24   
264  40   26   
265  9    38   
266  35   42   
267  22   41   
268  41   25   
269  29   37   
270  40   12   
271  15   25   
272  29   47   
273  11   31   
274  16   40   
275  5    20   
276  36   3    
277  26   15   
278  35   31   
279  26   3    
280  12   30   
281  4    32   
282  12   39   
283  19   30   
284  14   42   
285  37   20   
286  43   32   
287  45   19   
288  17   5    
289  23   18   
290  6    30   
291  38   35   
292  27   3    
293  2    42   
294  37   24   
295  10   32   
296  18   22   
297  5    8    
298  31   23   
299  15   5    
300  28   12   
301  28   27   
302  27   32   
303  20   29   
304  19   29   
305  13   44   
306  27   46   
307  4    39   
308  31   12   
309  22   29   
310  33   26   
311  35   45   
312  18   11   
313  12   28   
314  18   31   
315  39   38   
316  22   34   
317  27   29   
318  18   8    
319  29   28   
320  22   27   
321  28   4    
322  17   31   
323  39   30   
324  23   23   
325  3    34   
326  7    23   
327  30   35   
328  30   3    
329  40   7    
330  19   26   
331  8    20   
332  36   4    
333  47   16   
334  24   21   
335  20   28   
336  38   43   
337  27   19   
338  40   24   
339  45   25   
340  27   18   
341  1    32   
342  25   14   
343  13   37   
344  4    21   
345  19   8    
346  11   18   
347  31   28   
348  36   6    
349  17   29   
350  44   34   
351  4    37   
352  37   25   
353  15   17   
354  4    23   
355  32   16   
356  10   39   
357  36   40   
358  4    18   
359  41   10   
360  30   34   
361  41   8    
362  15   37   
363  18   38   
364  45   26   
365  9    19   
366  18   17   
367  2    16   
368  6    26   
369  23   17   
370  44   14   
371  35   25   
372  7    24   
373  21   37   
374  39   14   
375  8    27   
376  8    26   
377  44   16   
378  42   33   
379  1    27   
380  40   5    
381  22   1    
382  23   44   
383  20   16   
384  30   22   
385  9    4    
386  42   30   
387  5    19   
388  25   34   
389  35   27   
390  13   18   
391  28   36   
392  19   43   
393  48   16   
394  9    28   
395  9    31   
396  39   15   
397  17   8    
398  24   41   
399  43   10   
400  40   21   
401  32   30   
402  20   21   
403  28   21   
404  12   23   
405  41   23   
406  22   3    
407  17   39   
408  17   35   
409  17   24   
410  20   19   
411  17   46   
412  9    41   
413  42   19   
414  48   26   
415  35   16   
416  34   34   
417  31   18   
418  5    39   
419  23   31   
420  34   42   
421  15   27   
422  33   12   
423  13   27   
424  6    18   
425  7    34   
426  14   40   
427  12   7    
428  34   1    
429  21   17   
430  38   28   
431  17   26   
432  20   38   
433  24   17   
434  20   11   
435  48   24   
436  21   29   
437  7    40   
438  25   8    
439  34   44   
440  3    24   
441  11   17   
442  16   13   
443  38   25   
444  16   28   
445  10   22   
446  5    13   
447  31   31   
448  24   15   
449  14   38   
450  39   25   
451  24   13   
452  42   14   
453  33   32   
454  39   31   
455  7    15   
456  9    10   
457  30   19   
458  3    31   
459  23   29   
460  25   23   
461  24   18   
462  21   20   
463  21   19   
464  35   24   
465  6    35   
466  19   25   
467  22   30   
468  17   19   
469  34   35   
470  22   31   
471  12   12   
472  28   38   
473  7    35   
474  44   39   
475  16   26   
476  29   29   
477  18   23   
478  39   41   
479  30   16   
480  10   25   
481  14   24   
482  11   3    
483  40   11   
484  39   12   
485  23   38   
486  20   10   
487  27   9    
488  40   41   
489  6    24   
490  25   40   
491  14   33   
492  19   18   
493  32   20   
494  27   8    
495  8    42   
496  26   20   
497  7    20   
498  8    18   
499  24   30   
500  37   40   
501  18   42   
502  14   10   
503  18   34   
504  32   25   
505  7    41   
506  33   41   
507  13   13   
508  28   48   
509  2    20   
510  44   22   
511  24   16   
512  37   33   
513  18   6    
514  26   30   
515  3    29   
516  16   19   
517  28   25   
518  28   23   
519  7    6    
520  10   9    
521  8    38   
522  9    21   
523  25   47   
524  23   14   
525  47   21   
526  6    36   
527  16   15   
528  37   39   
529  28   43   
530  33   45   
531  46   29   
532  23   36   
533  22   42   
534  24   39   
535  13   23   
536  25   30   
537  47   9    
538  15   16   
539  19   20   
540  33   2    
541  26   7    
542  46   22   
543  26   22   
544  32   43   
545  37   37   
546  27   48   
547  25   32   
548  35   12   
549  41   34   
550  24   48   
551  24   27   
552  33   7    
553  26   36   
554  29   9    
555  41   20   
556  38   37   
557  30   39   
558  19   35   
559  42   38   
560  29   30   
561  46   38   
562  19   22   
563  19   31   
564  7    16   
565  33   1    
566  35   38   
567  34   23   
568  35   19   
569  46   17   
570  22   2    
571  2    15   
572  38   16   
573  27   17   
574  16   22   
575  34   48   
576  8    29   
577  43   28   
578  15   11   
579  22   33   
580  31   20   
581  34   15   
582  10   34   
583  23   46   
584  25   17   
585  39   36   
586  34   47   
587  32   39   
588  26   31   
589  40   19   
590  4    26   
591  35   44   
592  14   17   
593  16   39   
594  38   34   
595  34   21   
596  4    36   
597  20   37   
598  14   20   
599  18   18   
600  36   15   
601  15   40   
602  20   4    
603  12   35   
604  18   28   
605  11   14   
606  17   36   
607  17   38   
608  35   36   
609  31   46   
610  25   49   
611  3    13   
612  34   39   
613  11   26   
614  38   15   
615  13   47   
616  43   12   
617  11   19   
618  30   31   
619  21   38   
620  1    15   
621  11   12   
622  5    25   
623  27   25   
624  16   16   
625  38   29   
626  2    30   
627  35   33   
628  18   47   
629  28   16   
630  11   44   
631  10   28   
632  30   40   
633  10   29   
634  42   12   
635  32   37   
636  15   21   
637  19   5    
638  6    29   
639  43   41   
640  36   34   
641  35   20   
642  26   8    
643  42   40   
644  25   35   
645  7    28   
646  26   27   
647  11   41   
648  17   43   
649  40   22   
650  41   29   
651  21   21   
652  15   43   
653  33   27   
654  23   39   
655  39   17   
656  16   8    
657  9    39   
658  21   22   
659  42   34   
660  43   21   
661  0    12   
662  13   43   
663  9    16   
664  12   47   
665  26   28   
666  11   32   
667  27   13   
668  35   21   
669  26   11   
670  33   47   
671  13   7    
672  47   33   
673  9    20   
674  44   33   
675  17   12   
676  37   23   
677  18   21   
678  44   32   
679  10   23   
680  8    4    
681  49   35   
682  4    40   
683  26   10   
684  2    21   
685  12   25   
686  23   33   
687  10   18   
688  44   28   
689  14   27   
690  16   24   
691  11   45   
692  43   8    
693  34   43   
694  44   19   
695  38   3    
696  7    30   
697  30   30   
698  37   28   
699  5    34   
700  37   21   
701  8    21   
702  45   40   
703  43   37   
704  31   45   
705  44   29   
706  22   37   
707  26   5    
708  36   7    
709  30   45   
710  34   22   
711  40   33   
712  26   40   
713  3    22   
714  37   44   
715  33   18   
716  21   44   
717  22   15   
718  37   34   
719  22   22   
720  25   22   
721  21   30   
722  10   13   
723  29   31   
724  22   21   
725  19   17   
726  8    35   
727  25   10   
728  27   23   
729  4    27   
730  7    46   
731  40   4    
732  29   35   
733  2    35   
734  26   6    
735  19   38   
736  15   29   
737  17   1    
738  31   39   
739  42   31   
740  46   20   
741  43   23   
742  42   24   
743  25   18   
744  9    34   
745  28   10   
746  21   25   
747  24   31   
748  33   11   
749  12   20   
750  10   35   
751  42   27   
752  33   42   
753  47   30   
754  21   24   
755  14   23   
756  26   18   
757  8    23   
758  27   22   
759  36   37   
760  13   28   
761  12   43   
762  15   22   
763  19   21   
764  25   36   
765  41   16   
766  44   8    
767  40   27   
768  28   15   
769  8    40   
770  2    17   
771  44   35   
772  48   35   
773  14   30   
774  18   41   
775  26   46   
776  24   46   
777  36   5    
778  4    31   
779  10   11   
780  26   21   
781  32   47   
782  26   45   
783  17   32   
784  37   12   
785  15   8    
786  36   38   
787  12   41   
788  32   19   
789  21   8    
790  43   29   
791  18   46   
792  41   32   
793  20   34   
794  37   9    
795  31   5    
796  23   20   
797  44   24   
798  43   7    
799  25   31   
800  4    12   
801  36   44   
802  48   22   
803  35   39   
804  33   43   
805  45   31   
806  7    11   
807  34   7    
808  13   35   
809  25   21   
810  43   33   
811  7    18   
812  4    30   
813  39   7    
814  32   36   
815  29   24   
816  8    41   
817  28   22   
818  6    16   
819  3    16   
820  7    44   
821  14   35   
822  37   29   
823  42   18   
824  5    23   
825  36   14   
826  21   10   
827  25   27   
828  6    19   
829  14   41   
830  43   39   
831  29   36   
832  45   12   
833  2    27   
834  14   22   
835  30   6    
836  11   29   
837  30   27   
838  17   30   
839  30   32   
840  18   16   
841  8    19   
842  13   3    
843  32   32   
844  24   29   
845  37   43   
846  35   22   
847  28   31   
848  27   10   
849  33   16   
850  47   36   
851  33   24   
852  30   36   
853  30   48   
854  44   11   
855  23   2    
856  47   23   
857  33   40   
858  18   45   
859  39   45   
860  19   46   
861  38   33   
862  28   3    
863  19   36   
864  26   41   
865  7    14   
866  18   26   
867  10   15   
868  25   42   
869  24   28   
870  23   7    
871  29   42   
872  30   38   
873  23   11   
874  14   8    
875  24   36   
876  31   16   
877  45   33   
878  5    27   
879  33   4    
880  38   22   
881  14   11   
882  17   11   
883  41   35   
884  29   4    
885  17   4    
886  27   47   
887  47   12   
888  41   41   
889  5    32   
890  23   8    
891  6    34   
892  3    32   
893  23   34   
894  21   7    
895  29   16   
896  37   7    
897  39   23   
898  34   19   
899  41   30   
900  48   25   
901  14   32   
902  33   38   
903  20   17   
904  31   4    
905  33   23   
906  22   36   
907  43   17   
908  9    14   
909  46   27   
910  3    28   
911  3    26   
912  32   5    
913  19   28   
914  19   6    
915  40   39   
916  35   17   
917  22   9    
918  29   13   
919  45   34   
920  20   24   
921  33   28   
922  21   36   
923  14   18   
924  4    14   
925  18   5    
926  9    44   
927  9    36   
928  29   33   
929  9    35   
930  44   13   
931  18   32   
932  36   35   
933  17   40   
934  25   38   
935  45   38   
936  18   15   
937  17   3    
938  33   14   
939  37   42   
940  31   37   
941  42   22   
942  39   46   
943  24   1    
944  2    33   
945  6    33   
946  13   19   
947  31   30   
948  18   35   
949  44   20   
950  42   3    
951  29   43   
952  22   26   
953  46   23   
954  33   37   
955  23   43   
956  29   8    
957  18   9    
958  30   8    
959  37   48   
960  29   21   
961  7    33   
962  28   5    
963  10   8    
964  16   10   
965  21   47   
966  11   27   
967  5    14   
968  20   30   
969  36   25   
970  19   15   
971  32   34   
972  24   24   
973  37   27   
974  16   46   
975  22   24   
976  35   14   
977  39   18   
978  11   10   
979  10   36   
980  22   43   
981  11   33   
982  26   44   
983  34   9    
984  48   33   
985  16   41   
986  20   23   
987  12   24   
988  29   14   
989  26   42   
990  16   36   
991  9    13   
992  19   33   
993  25   20   
994  41   28   
995  23   12   
996  39   19   
997  9    30   
998  34   24   
999  44   26   
1000 41   40   
1001 24   2    
1002 22   39   
1003 45   20   
1004 34   45   
1005 20   41   
1006 43   34   
1007 10   38   
1008 24   40   
1009 25   4    
1010 40   36   
1011 34   32   
1012 41   46   
1013 32   35   
1014 41   39   
1015 17   42   
1016 35   5    
1017 28   46   
1018 41   17   
1019 17   16   
1020 14   44   
1021 34   25   
1022 27   30   
1023 41   38   
1024 4    20   
1025 15   38   
1026 30   14   
1027 28   8    
1028 13   22   
1029 13   15   
1030 27   43   
1031 24   20   
1032 33   30   
1033 11   20   
1034 22   8    
1035 34   31   
1036 27   35   
1037 15   35   
1038 13   8    
1039 18   24   
1040 34   29   
1041 6    23   
1042 32   22   
1043 21   45   
1044 16   21   
1045 16   45   
1046 12   17   
1047 27   20   
1048 15   41   
1049 35   6    
1050 29   12   
1051 13   32   
1052 32   29   
1053 3    18   
1054 22   6    
1055 13   25   
1056 25   43   
1057 16   38   
1058 47   31   
1059 19   16   
1060 45   15   
1061 15   30   
1062 14   34   
1063 2    18   
1064 35   40   
1065 18   19   
1066 14   21   
1067 15   13   
1068 36   20   
1069 9    24   
1070 24   14   
1071 0    25   
1072 23   42   
1073 12   18   
1074 17   44   
1075 37   35   
1076 36   18   
1077 36   43   
1078 14   13   
1079 15   32   
1080 27   21   
1081 40   38   
1082 5    16   
1083 32   12   
1084 12   34   
1085 7    9    
1086 21   12   
1087 35   8    
1088 9    25   
1089 32   40   
1090 22   7    
1091 29   6    
1092 26   47   
1093 21   11   
1094 20   40   
1095 11   8    
1096 44   36   
1097 1    16   
1098 17   15   
1099 21   48   
1100 37   4    
1101 40   35   
1102 18   44   
1103 5    42   
1104 45   29   
1105 23   35   
1106 36   23   
1107 25   29   
1108 40   13   
1109 33   8    
1110 46   9    
1111 22   28   
1112 34   38   
1113 40   29   
1114 33   15   
1115 3    21   
1116 44   7    
1117 23   30   
1118 2    22   
1119 35   13   
1120 42   9    
1121 30   9    
1122 36   46   
1123 28   14   
1124 22   38   
1125 21   3    
1126 39   21   
1127 37   6    
1128 19   44   
1129 36   24   
1130 32   8    
1131 30   37   
1132 39   5    
1133 17   2    
1134 4    24   
1135 17   9    
1136 11   22   
1137 46   26   
1138 8    25   
1139 39   22   
1140 30   44   
1141 39   28   
1142 29   20   
1143 32   41   
1144 9    43   
1145 28   13   
1146 22   10   
1147 3    33   
1148 15   42   
1149 44   30   
1150 1    34   
1151 7    25   
1152 28   39   
1153 34   5    
1154 27   34   
1155 23   32   
1156 28   9    
1157 17   25   
1158 46   31   
1159 23   37   
1160 32   18   
1161 23   13   
1162 16   29   
1163 30   24   
1164 38   31   
1165 7    26   
1166 28   34   
1167 1    46   
1168 41   37   
1169 21   4    
1170 16   6    
1171 13   12   
1172 34   18   
1173 30   15   
1174 21   40   
1175 36   17   
1176 30   43   
1177 10   16   
1178 12   31   
1179 35   18   
1180 40   20   
1181 32   14   
1182 43   24   
1183 39   3    
1184 38   7    
1185 31   19   
1186 1    11   
1187 31   29   
1188 32   33   
1189 43   6    
1190 26   38   
1191 46   34   
1192 21   1    
1193 42   44   
1194 21   35   
1195 28   28   
1196 2    10   
1197 35   10   
1198 22   14   
1199 16   5    
1200 30   18   
1201 11   21   
1202 42   36   
1203 42   15   
1204 43   31   
1205 9    33   
1206 14   6    
1207 38   46   
1208 26   39   
1209 35   37   
1210 5    26   
1211 39   13   
1212 24   44   
1213 34   26   
1214 38   42   
1215 5    30   
1216 17   33   
1217 13   6    
1218 14   36   
1219 7    31   
1220 18   25   
1221 8    17   
1222 14   3    
1223 24   19   
1224 15   33   
1225 21   15   
1226 43   27   
1227 1    5    
1228 17   17   
1229 4    16   
1230 6    28   
1231 3    36   
1232 3    12   
1233 9    7    
1234 38   30   
1235 46   21   
1236 23   5    
1237 17   23   
1238 35   15   
1239 14   26   
1240 40   9    
1241 38   4    
1242 29   18   
1243 12   22   
1244 21   31   
1245 34   12   
1246 8    39   
1247 39   32   
1248 25   41   
1249 14   48   
1250 46   12   
1251 16   17   
1252 29   17   
1253 35   11   
1254 35   23   
1255 35   28   
1256 38   12   
1257 13   39   
1258 20   25   
1259 3    46   
1260 40   14   
1261 13   11   
1262 46   16   
1263 45   13   
1264 8    22   
1265 33   17   
1266 40   37   
1267 24   33   
1268 9    8    
1269 16   25   
1270 27   7    
1271 37   41   
1272 48   39   
1273 35   43   
1274 6    15   
1275 25   11   
1276 35   47   
1277 19   12   
1278 25   0    
1279 31   33   
1280 37   36   
1281 45   27   
1282 17   14   
1283 40   32   
1284 29   40   
1285 3    19   
1286 34   10   
1287 46   19   
1288 33   31   
1289 20   12   
1290 36   26   
1291 14   9    
1292 5    37   
1293 31   42   
1294 24   22   
1295 19   24   
1296 33   44   
1297 37   5    
1298 12   21   
1299 42   8    
1300 26   26   
1301 35   7    
1302 48   28   
1303 15   15   
1304 11   23   
1305 20   6    
1306 30   46   
1307 11   4    
1308 20   46   
1309 26   35   
1310 39   20   
1311 12   13   
1312 29   15   
1313 21   13   
1314 34   16   
1315 15   34   
1316 18   48   
1317 47   27   
1318 12   32   
1319 12   8    
1320 28   17   
1321 3    15   
1322 20   48   
1323 24   26   
1324 5    15   
1325 12   29   
1326 25   24   
1327 19   23   
1328 31   9    
1329 38   44   
1330 32   21   
1331 41   24   
1332 22   19   
1333 29   10   
1334 5    21   
1335 28   7    
1336 36   19   
1337 21   28   
1338 21   42   
1339 18   10   
1340 4    29   
1341 2    24   
1342 15   18   
1343 20   20   
1344 31   11   
1345 30   7    
1346 40   8    
1347 15   46   
1348 10   20   
1349 27   6    
1350 38   26   
1351 8    36   
1352 30   4    
1353 12   14   
1354 7    37   
1355 18   4    
1356 21   6    
1357 22   40   
1358 11   38   
1359 16   35   
1360 25   44   
1361 26   17   
1362 42   32   
1363 45   21   
1364 24   43   
1365 3    27   
1366 19   39   
1367 40   40   
1368 26   13   
1369 44   15   
1370 21   18   
1371 26   32   
1372 39   29   
1373 25   9    
1374 26   14   
1375 17   47   
1376 29   34   
1377 21   9    
1378 43   20   
1379 40   15   
1380 15   4    
1381 4    25   
1382 33   34   
1383 21   14   
1384 36   36   
1385 41   21   
1386 44   10   
1387 9    22   
1388 5    28   
1389 7    29   
1390 24   6    
1391 30   28   
1392 30   10   
1393 24   11   
1394 34   30   
1395 19   32   
1396 41   47   
1397 19   41   
1398 16   14   
1399 16   23   
1400 11   37   
1401 46   24   
1402 30   20   
1403 4    38   
1404 5    35   
1405 8    28   
1406 23   22   
1407 20   9    
1408 47   13   
1409 28   26   
1410 43   19   
1411 13   36   
1412 18   37   
1413 8    34   
1414 42   2    
1415 25   33   
1416 26   16   
1417 36   33   
1418 16   20   
1419 31   43   
1420 40   30   
1421 16   7    
1422 12   27   
1423 27   27   
1424 20   5    
1425 13   30   
1426 46   32   
1427 4    35   
1428 37   22   
1429 19   45   
1430 7    21   
1431 28   44   
1432 29   19   
1433 35   26   
1434 42   42   
1435 16   11   
1436 29   22   
1437 38   11   
1438 18   27   
1439 4    15   
1440 8    24   
1441 30   13   
1442 25   12   
1443 23   10   
1444 23   47   
1445 22   25   
1446 31   22   
1447 8    15   
1448 30   41   
1449 14   4    
1450 37   47   
1451 43   43   
1452 36   29   
1453 20   13   
1454 13   33   
1455 42   28   
1456 5    31   
1457 29   41   
1458 33   36   
1459 10   27   
1460 46   33   
1461 43   25   
1462 19   14   
1463 17   13   
1464 31   41   
1465 26   48   
1466 45   23   
1467 32   17   
1468 20   31   
1469 17   28   
1470 22   47   
1471 16   27   
1472 31   26   
1473 42   10   
1474 41   43   
1475 38   9    
1476 41   4    
1477 23   16   
1478 37   8    
1479 20   3    
1480 10   42   
1481 8    10   
1482 15   24   
1483 31   10   
1484 9    27   
1485 29   45   
1486 9    37   
1487 36   42   
1488 13   20   
1489 31   35   
1490 48   23   
1491 36   27   
1492 31   24   
1493 38   36   
1494 45   32   
1495 27   45   
1496 32   44   
1497 42   16   
1498 43   42   
1499 38   23   
1500 28   32   
1501 36   41   
1502 34   6    
1503 17   10   
1504 11   42   
1505 18   30   
1506 38   19   
1507 42   29   
1508 37   30   
1509 18   40   
1510 39   16   
1511 41   15   
1512 35   34   
1513 38   14   
1514 23   1    
1515 31   13   
1516 31   8    
1517 22   12   
1518 25   46   
1519 36   32   
1520 45   18   
1521 6    31   
1522 13   14   
1523 14   15   
1524 25   5    
1525 38   27   
1526 14   5    
1527 12   37   
1528 6    17   
1529 26   9    
1530 31   14   
1531 31   21   
1532 29   5    
1533 5    29   
1534 12   33   
1535 17   22   
1536 7    32   
1537 26   43   
1538 45   24   
1539 32   42   
1540 29   1    
1541 40   1    
1542 38   21   
1543 10   24   
1544 12   6    
1545 21   23   
1546 13   34   
1547 21   5    
1548 45   45   
1549 31   27   
1550 28   1    
1551 7    13   
1552 22   16   
1553 30   42   
1554 13   38   
1555 4    13   
1556 11   13   
1557 31   44   
1558 16   34   
1559 25   37   
1560 3    30   
1561 1    25   
1562 8    44   
1563 21   26   
1564 24   5    
1565 24   12   
1566 16   2    
1567 33   35   
1568 28   37   
1569 23   24   
1570 36   45   
1571 37   11   
1572 37   45   
1573 31   7    
1574 21   34   
1575 3    20   
1576 31   34   
1577 5    33   
1578 25   13   
1579 9    17   
1580 5    6    
1581 7    17   
1582 34   13   
1583 16   42   
1584 11   39   
1585 17   41   
1586 44   31   
1587 11   15   
1588 41   11   
1589 19   7    
1590 39   8    
1591 22   35   
1592 32   28   
1593 17   20   
1594 33   49   
1595 6    22   
1596 47   18   
1597 12   9    
1598 28   41   
1599 25   15   
1600 37   17   
1601 38   10   
1602 46   18   
1603 24   34   
1604 42   26   
1605 20   7    
1606 25   3    
1607 27   15   
1608 15   23   
1609 23   6    
1610 11   24   
1611 19   10   
1612 43   9    
1613 2    26   
1614 23   26   
1615 26   33   
1616 13   17   
1617 36   9    
1618 40   28   
1619 27   12   
1620 39   34   
1621 24   4    
1622 36   8    
1623 24   8    
1624 3    14   
1625 11   43   
1626 33   29   
1627 38   45   
1628 41   7    
1629 18   13   
1630 46   35   
1631 48   19   
1632 42   37   
1633 28   24   
1634 36   16   
1635 28   11   
1636 43   11   
1637 36   12   
1638 27   26   
1639 11   36   
1640 15   19   
1641 20   22   
1642 41   9    
1643 19   19   
1644 38   20   
1645 22   32   
1646 30   5    
1647 24   10   
1648 47   20   
1649 36   39   
1650 45   8    
1651 32   13   
1652 4    33   
1653 5    12   
1654 26   12   
1655 16   33   
1656 33   39   
1657 25   45   
1658 7    39   
1659 16   18   
1660 37   38   
1661 18   29   
1662 28   45   
1663 5    9    
1664 38   6    
1665 31   38   
1666 10   41   
1667 40   25   
1668 40   17   
1669 32   23   
1670 1    29   
1671 25   26   
1672 13   5    
1673 15   9    
1674 36   10   
1675 24   3    
1676 26   19   
1677 9    12   
1678 44   17   
1679 34   28   
1680 20   26   
1681 16   32   
1682 34   46   
1683 14   14   
1684 28   33   
1685 43   35   
1686 47   24   
1687 15   47   
1688 29   44   
1689 10   31   
1690 11   40   
1691 13   9    
1692 1    21   
1693 32   24   
1694 27   14   
1695 26   37   
1696 1    12   
1697 6    27   
1698 9    40   
1699 35   9    
1700 36   11   
1701 8    14   
1702 21   39   
1703 4    19   
1704 22   44   
1705 20   45   
1706 42   17   
1707 43   15   
1708 30   12   
1709 35   29   
1710 22   23   
1711 24   25   
1712 20   36   
1713 9    6    
1714 27   44   
1715 40   31   
1716 45   14   
1717 32   38   
1718 7    12   
1719 1    7    
1720 26   24   
1721 26   34   
1722 20   33   
1723 37   14   
1724 46   30   
1725 8    12   
1726 34   41   
1727 26   0    
1728 29   27   
1729 44   18   
1730 19   9    
1731 41   19   
1732 13   41   
1733 32   11   
1734 36   30   
1735 10   30   
1736 22   11   
1737 10   12   
1738 34   27   
1739 17   45   
1740 43   38   
1741 23   9    
1742 40   34   
1743 10   26   
1744 31   17   
1745 39   9    
1746 5    18   
1747 35   35   
1748 14   31   
1749 25   7    
1750 15   7    
1751 27   4    
1752 16   12   
1753 18   14   
1754 45   22   
1755 27   31   
1756 36   13   
1757 27   5    
1758 25   6    
1759 15   44   
1760 37   13   
1761 8    32   
1762 38   38   
1763 39   26   
1764 20   15   
1765 13   24   
1766 37   16   
1767 16   30   
1768 47   26   
1769 18   39   
1770 41   26   
1771 22   20   
1772 39   43   
1773 10   37   
1774 44   27   
1775 40   23   
1776 40   42   
1777 21   33   
1778 30   33   
1779 34   20   
1780 27   41   
1781 24   7    
1782 11   35   
1783 40   10   
1784 14   37   
1785 38   40   
1786 47   28   
1787 30   21   
1788 26   23   
1789 17   27   
1790 10   7    
1791 11   28   
1792 11   34   
1793 20   44   
1794 15   31   
1795 41   31   
1796 33   20   
1797 15   45   
1798 19   27   
1799 23   41   
1800 7    22   
1801 14   28   
1802 12   11   
1803 36   28   
1804 31   6    
1805 25   1    
1806 20   32   
1807 8    16   
1808 15   39   
1809 9    42   
1810 20   35   
1811 32   45   
1812 31   25   
1813 3    25   
1814 11   11   
1815 28   18   
1816 36   22   
1817 33   46   
1818 32   10   
1819 2    32   
1820 38   5    
1821 6    7    
1822 38   32   
1823 37   26   
1824 32   26   
1825 10   17   
1826 8    13   
1827 32   31   
1828 33   19   
1829 27   24   
1830 1    10   
1831 40   16   
1832 5    17   
1833 33   9    
1834 42   20   
1835 37   31   
1836 22   45   
1837 10   3    
1838 17   6    
1839 7    10   
1840 38   24   
1841 24   38   
1842 13   16   
1843 39   10   
1844 32   6    
1845 8    33   
1846 12   40   
1847 38   0    
1848 26   4    
1849 24   23   
1850 47   19   
1851 18   12   
1852 20   39   
1853 25   16   
1854 4    22   
1855 33   22   
1856 18   43   
1857 7    19   
1858 5    38   
1859 29   39   
1860 20   14   
1861 39   37   
1862 43   30   
1863 9    26   
1864 9    11   
1865 22   5    
1866 41   13   
1867 11   25   
1868 6    39   
1869 4    41   
1870 24   37   
1871 2    23   
1872 26   25   
1873 18   36   
1874 45   39   
1875 12   10   
1876 25   28   
1877 42   7    
1878 7    27   
1879 4    11   
1880 41   27   
1881 42   13   
1882 27   36   
1883 42   23   
1884 11   30   
1885 33   10   
1886 29   23   
1887 44   21   
1888 38   18   
1889 19   40   
1890 25   19   
1891 32   7    
1892 27   33   
1893 21   27   
1894 39   27   
1895 6    12   
1896 30   26   
1897 20   27   
1898 10   45   
1899 20   43   
1900 28   40   
1901 42   35   
1902 2    7    
1903 12   44   
1904 11   7    
1905 14   16   
1906 7    36   
1907 9    29   
1908 19   11   
1909 43   22   
1910 8    11   
1911 8    9    
1912 10   19   
1913 14   29   
1914 18   20   
1915 43   36   
1916 16   31   
1917 22   17   
1918 0    38   
1919 12   19   
1920 15   12   
1921 41   14   
1922 13   42   
1923 29   38   
1924 24   35   
1925 19   37   
1926 14   19   
1927 3    35   
1928 24   32   
1929 4    43   
1930 17   18   
1931 39   24   
1932 9    15   
1933 14   39   
1934 21   32   
1935 23   28   
1936 12   5    
1937 1    28   
1938 30   29   
1939 34   14   
1940 28   35   
1941 32   27   
1942 19   13   
1943 8    30   
1944 17   37   
1945 28   6    
1946 35   32   
1947 27   40   
1948 10   6    
1949 30   23   
1950 31   15   
1951 33   3    
1952 35   30   
1953 13   46   
1954 10   21   
1955 24   9    
1956 27   42   
1957 7    38   
1958 9    9    
1959 8    31   
1960 9    18   
1961 42   21   
1962 16   43   
1963 38   39   
1964 17   21   
1965 20   8    
1966 39   35   
1967 39   11   
1968 27   11   
1969 13   21   
1970 42   25   
1971 23   40   
1972 1    23   
1973 40   18   
1974 29   2    
1975 2    29   
1976 26   29   
1977 45   16   
1978 13   31   
1979 12   26   
1980 38   8    
1981 18   2    
1982 13   29   
1983 44   23   
1984 1    33   
1985 41   12   
1986 25   2    
1987 33   33   
1988 31   36   
1989 34   17   
1990 43   18   
1991 5    40   
1992 37   32   
1993 33   21   
1994 25   25   
1995 47   22   
