0    29   18   
1    29   26   
2    29   10   
3    4    0    
4    17   29   
5    0    2    
6    0    26   
7    23   0    
8    3    29   
9    26   0    
10   29   21   
11   29   6    
12   24   0    
13   0    17   
14   0    4    
15   17   0    
16   0    3    
17   2    29   
18   3    0    
19   27   29   
20   9    0    
21   10   29   
22   29   13   
23   0    14   
24   0    21   
25   16   29   
26   0    27   
27   25   29   
28   29   3    
29   0    18   
30   11   0    
31   25   0    
32   20   29   
33   29   27   
34   29   5    
35   14   0    
36   23   29   
37   22   0    
38   14   29   
39   0    20   
40   29   4    
41   8    29   
42   20   0    
43   7    0    
44   29   22   
45   29   7    
46   29   15   
47   21   29   
48   29   24   
49   1    29   
50   7    29   
51   29   28   
52   29   1    
53   0    12   
54   16   0    
55   15   0    
56   29   11   
57   0    25   
58   5    0    
59   0    23   
60   29   8    
61   21   0    
62   19   29   
63   4    29   
64   0    28   
65   0    8    
66   1    0    
67   29   20   
68   12   0    
69   2    0    
70   8    0    
71   29   23   
72   0    11   
73   0    1    
74   29   19   
75   0    15   
76   27   0    
77   13   29   
78   28   29   
79   29   16   
80   29   2    
81   0    16   
82   0    5    
83   15   29   
84   10   0    
85   29   9    
86   12   29   
87   19   0    
88   0    22   
89   24   6    
90   12   20   
91   24   16   
92   15   7    
93   12   22   
94   18   1    
95   22   11   
96   13   10   
97   7    3    
98   19   12   
99   23   14   
100  22   13   
101  7    22   
102  16   11   
103  11   17   
104  12   3    
105  8    9    
106  7    4    
107  23   6    
108  20   20   
109  17   2    
110  14   8    
111  16   18   
112  3    20   
113  9    11   
114  3    13   
115  10   10   
116  16   2    
117  21   4    
118  5    18   
119  8    10   
120  21   11   
121  21   15   
122  4    18   
123  22   7    
124  1    15   
125  9    3    
126  6    12   
127  13   19   
128  22   18   
129  22   6    
130  25   5    
131  5    25   
132  24   3    
133  5    20   
134  14   17   
135  26   22   
136  3    14   
137  24   15   
138  26   21   
139  10   27   
140  10   26   
141  13   22   
142  5    6    
143  19   7    
144  16   23   
145  16   7    
146  26   13   
147  17   17   
148  16   16   
149  4    21   
150  19   14   
151  18   5    
152  5    8    
153  23   13   
154  12   21   
155  20   23   
156  23   19   
157  13   8    
158  21   8    
159  25   11   
160  23   27   
161  11   1    
162  6    4    
163  6    17   
164  13   7    
165  18   17   
166  11   26   
167  8    8    
168  28   10   
169  11   29   
170  28   11   
171  2    9    
172  18   19   
173  18   28   
174  17   14   
175  13   18   
176  16   6    
177  19   10   
178  12   4    
179  18   15   
180  19   6    
181  8    20   
182  8    25   
183  19   24   
184  29   12   
185  10   18   
186  21   6    
187  15   19   
188  2    11   
189  13   20   
190  11   10   
191  23   4    
192  16   22   
193  10   17   
194  27   18   
195  7    10   
196  10   25   
197  8    6    
198  20   3    
199  1    13   
200  10   21   
201  7    13   
202  11   16   
203  11   4    
204  16   8    
205  24   24   
206  22   21   
207  9    23   
208  12   17   
209  17   7    
210  7    9    
211  20   24   
212  13   16   
213  8    23   
214  13   1    
215  25   14   
216  12   13   
217  18   22   
218  4    20   
219  25   19   
220  27   7    
221  3    18   
222  19   26   
223  11   18   
224  26   10   
225  5    12   
226  10   1    
227  18   7    
228  11   19   
229  17   18   
230  19   20   
231  5    22   
232  24   19   
233  2    10   
234  11   5    
235  9    9    
236  14   9    
237  27   12   
238  15   21   
239  5    5    
240  4    9    
241  12   19   
242  14   3    
243  15   6    
244  23   5    
245  1    16   
246  3    8    
247  23   16   
248  24   10   
249  17   23   
250  20   17   
251  16   19   
252  25   24   
253  11   20   
254  19   17   
255  14   18   
256  11   11   
257  20   7    
258  26   19   
259  15   8    
260  5    19   
261  13   27   
262  7    5    
263  1    12   
264  26   16   
265  18   24   
266  17   16   
267  12   8    
268  24   13   
269  23   15   
270  16   27   
271  7    20   
272  15   24   
273  11   9    
274  28   14   
275  23   23   
276  21   2    
277  19   3    
278  2    13   
279  25   18   
280  10   7    
281  25   15   
282  25   25   
283  17   15   
284  27   8    
285  13   24   
286  9    2    
287  10   19   
288  13   5    
289  13   6    
290  17   11   
291  4    8    
292  18   6    
293  22   22   
294  17   9    
295  19   18   
296  14   19   
297  14   16   
298  11   23   
299  21   13   
300  9    7    
301  9    17   
302  5    17   
303  10   4    
304  8    2    
305  15   20   
306  17   8    
307  3    10   
308  10   13   
309  17   10   
310  16   1    
311  12   10   
312  18   4    
313  9    18   
314  17   22   
315  27   15   
316  14   27   
317  14   14   
318  5    7    
319  11   12   
320  3    7    
321  24   4    
322  18   11   
323  7    18   
324  13   4    
325  18   3    
326  11   15   
327  6    2    
328  11   3    
329  6    13   
330  9    8    
331  15   16   
332  10   15   
333  8    4    
334  8    7    
335  7    19   
336  15   28   
337  4    6    
338  19   5    
339  19   8    
340  10   22   
341  17   12   
342  7    6    
343  21   10   
344  6    8    
345  21   22   
346  19   19   
347  6    15   
348  12   1    
349  8    14   
350  13   9    
351  26   11   
352  23   21   
353  7    24   
354  9    21   
355  18   13   
356  13   15   
357  27   13   
358  12   6    
359  19   2    
360  13   12   
361  23   7    
362  23   22   
363  18   8    
364  12   14   
365  11   27   
366  27   20   
367  21   21   
368  8    11   
369  27   19   
370  19   15   
371  21   25   
372  13   13   
373  24   20   
374  14   2    
375  21   26   
376  16   15   
377  14   10   
378  17   21   
379  18   23   
380  4    17   
381  21   23   
382  5    11   
383  16   4    
384  16   26   
385  15   2    
386  14   7    
387  15   22   
388  22   4    
389  26   12   
390  14   11   
391  22   5    
392  16   24   
393  3    17   
394  20   18   
395  23   12   
396  23   24   
397  22   2    
398  3    16   
399  3    5    
400  4    13   
401  24   22   
402  6    19   
403  26   7    
404  11   13   
405  6    18   
406  22   15   
407  7    21   
408  14   22   
409  25   23   
410  3    15   
411  9    16   
412  8    18   
413  24   18   
414  16   25   
415  27   5    
416  26   18   
417  25   8    
418  13   2    
419  19   4    
420  19   13   
421  22   8    
422  10   9    
423  20   6    
424  17   25   
425  15   18   
426  25   21   
427  23   20   
428  6    24   
429  12   27   
430  12   5    
431  7    17   
432  23   18   
433  8    21   
434  16   9    
435  28   17   
436  14   4    
437  21   18   
438  12   7    
439  4    15   
440  17   6    
441  7    7    
442  16   17   
443  24   23   
444  23   17   
445  13   3    
446  17   19   
447  14   26   
448  15   10   
449  14   15   
450  11   24   
451  18   14   
452  17   5    
453  24   21   
454  9    20   
455  23   11   
456  21   24   
457  9    5    
458  15   17   
459  13   23   
460  24   8    
461  11   6    
462  2    17   
463  10   11   
464  9    12   
465  18   25   
466  3    6    
467  19   25   
468  10   14   
469  23   9    
470  12   12   
471  1    14   
472  4    12   
473  22   16   
474  8    5    
475  15   9    
476  10   5    
477  12   2    
478  8    3    
479  11   8    
480  17   28   
481  20   12   
482  13   21   
483  13   14   
484  10   20   
485  18   9    
486  9    15   
487  16   20   
488  14   25   
489  22   24   
490  6    22   
491  20   19   
492  13   11   
493  14   24   
494  27   11   
495  26   17   
496  9    19   
497  27   10   
498  21   17   
499  24   25   
500  21   16   
501  26   8    
502  14   23   
503  15   15   
504  27   9    
505  14   28   
506  27   14   
507  24   12   
508  8    22   
509  25   20   
510  22   9    
511  26   14   
512  4    5    
513  18   21   
514  27   6    
515  26   20   
516  26   5    
517  12   18   
518  10   3    
519  25   16   
520  0    13   
521  27   16   
522  20   26   
523  20   10   
524  10   24   
525  18   10   
526  14   1    
527  11   22   
528  8    28   
529  18   12   
530  26   9    
531  7    23   
532  8    16   
533  14   20   
534  9    10   
535  18   27   
536  8    19   
537  24   7    
538  11   25   
539  25   9    
540  3    11   
541  16   28   
542  4    22   
543  20   15   
544  2    20   
545  23   8    
546  2    14   
547  16   10   
548  19   22   
549  22   26   
550  9    22   
551  11   21   
552  8    24   
553  20   8    
554  24   9    
555  15   11   
556  5    21   
557  22   12   
558  19   1    
559  19   16   
560  4    14   
561  26   15   
562  12   11   
563  15   5    
564  9    25   
565  17   13   
566  15   4    
567  7    8    
568  13   17   
569  13   25   
570  9    13   
571  7    25   
572  23   3    
573  27   21   
574  16   12   
575  10   23   
576  12   23   
577  12   9    
578  20   5    
579  1    10   
580  22   23   
581  7    11   
582  15   13   
583  25   22   
584  6    16   
585  19   21   
586  18   18   
587  16   5    
588  22   25   
589  12   16   
590  9    4    
591  16   14   
592  11   14   
593  7    2    
594  7    15   
595  20   11   
596  21   5    
597  7    26   
598  21   7    
599  6    26   
600  10   2    
601  10   16   
602  8    12   
603  22   17   
604  21   1    
605  15   26   
606  21   20   
607  20   13   
608  20   21   
609  25   17   
610  9    6    
611  21   27   
612  21   12   
613  15   27   
614  24   17   
615  10   6    
616  20   14   
617  14   6    
618  6    23   
619  18   20   
620  1    11   
621  4    10   
622  24   14   
623  7    12   
624  17   4    
625  17   20   
626  6    3    
627  20   22   
628  7    16   
629  19   23   
630  13   0    
631  6    11   
632  20   27   
633  18   26   
634  4    7    
635  25   13   
636  5    10   
637  15   1    
638  6    14   
639  6    7    
640  10   8    
641  6    5    
642  18   16   
643  15   14   
644  6    21   
645  9    24   
646  23   25   
647  21   19   
648  11   7    
649  21   14   
650  3    9    
651  2    16   
652  8    17   
653  2    15   
654  6    20   
655  25   7    
656  9    14   
657  15   12   
658  17   26   
659  20   4    
660  28   13   
661  26   4    
662  10   12   
663  16   3    
664  22   14   
665  26   23   
666  25   12   
667  23   10   
668  14   12   
669  25   10   
670  12   24   
671  17   3    
672  4    11   
673  8    15   
674  6    10   
675  20   25   
676  3    19   
677  21   9    
678  16   21   
679  5    14   
680  14   21   
681  21   3    
682  22   10   
683  19   9    
684  15   25   
685  20   16   
686  9    1    
687  13   26   
688  3    22   
689  22   20   
690  14   13   
691  28   15   
692  16   13   
693  6    6    
694  7    14   
695  12   25   
696  25   6    
697  22   3    
698  24   11   
699  15   23   
700  20   2    
701  5    24   
702  5    15   
703  5    16   
704  4    16   
705  17   27   
706  6    9    
707  19   11   
708  12   15   
709  15   3    
710  5    13   
711  8    13   
712  22   19   
713  17   24   
714  14   5    
715  20   9    
