0    29   17   
1    29   1    
2    0    13   
3    11   0    
4    29   23   
5    10   0    
6    0    23   
7    29   10   
8    29   5    
9    5    0    
10   0    18   
11   6    29   
12   29   7    
13   29   4    
14   25   29   
15   11   29   
16   16   29   
17   21   0    
18   6    0    
19   0    19   
20   17   0    
21   15   0    
22   9    29   
23   0    4    
24   24   0    
25   23   29   
26   25   0    
27   23   0    
28   0    11   
29   29   28   
30   12   29   
31   0    16   
32   29   12   
33   29   9    
34   29   21   
35   3    29   
36   0    15   
37   26   0    
38   29   8    
39   4    29   
40   0    9    
41   0    6    
42   20   0    
43   29   13   
44   15   29   
45   24   29   
46   0    21   
47   29   22   
48   18   29   
49   29   2    
50   22   0    
51   20   29   
52   8    0    
53   19   0    
54   19   29   
55   29   16   
56   12   0    
57   7    0    
58   14   29   
59   8    29   
60   0    10   
61   26   29   
62   29   26   
63   0    26   
64   10   29   
65   0    3    
66   29   27   
67   0    24   
68   17   29   
69   29   3    
70   29   20   
71   0    1    
72   1    29   
73   0    12   
74   0    25   
75   27   29   
76   28   0    
77   29   15   
78   2    0    
79   0    14   
80   0    27   
81   3    0    
82   29   11   
83   13   29   
84   14   0    
85   0    20   
86   2    29   
87   7    29   
88   29   18   
89   29   6    
90   1    0    
91   0    22   
92   28   29   
93   22   29   
94   4    0    
95   0    7    
96   13   0    
97   27   0    
98   21   29   
99   0    28   
100  1    15   
101  7    21   
102  18   15   
103  20   26   
104  18   14   
105  24   14   
106  19   13   
107  8    22   
108  12   16   
109  14   7    
110  24   18   
111  8    14   
112  22   16   
113  22   18   
114  15   16   
115  2    6    
116  28   16   
117  22   17   
118  15   4    
119  10   1    
120  20   5    
121  9    21   
122  7    24   
123  26   21   
124  1    20   
125  5    11   
126  22   23   
127  18   23   
128  27   18   
129  20   21   
130  15   22   
131  17   28   
132  11   28   
133  9    1    
134  13   3    
135  20   15   
136  7    20   
137  15   24   
138  3    16   
139  25   21   
140  19   8    
141  10   21   
142  6    10   
143  29   19   
144  23   18   
145  8    10   
146  25   8    
147  28   10   
148  10   28   
149  11   11   
150  12   10   
151  3    12   
152  16   14   
153  21   16   
154  19   16   
155  15   10   
156  24   25   
157  9    15   
158  16   2    
159  21   10   
160  21   25   
161  4    23   
162  11   19   
163  14   8    
164  22   7    
165  24   3    
166  7    11   
167  4    4    
168  26   7    
169  26   25   
170  10   22   
171  6    16   
172  10   15   
173  25   22   
174  11   8    
175  4    13   
176  17   17   
177  27   8    
178  17   3    
179  15   26   
180  28   6    
181  17   20   
182  17   8    
183  5    13   
184  10   24   
185  16   19   
186  2    17   
187  8    27   
188  2    21   
189  25   5    
190  26   2    
191  13   1    
192  17   22   
193  7    10   
194  24   6    
195  25   6    
196  16   23   
197  22   13   
198  14   16   
199  2    23   
200  4    21   
201  21   11   
202  22   22   
203  23   16   
204  16   10   
205  16   6    
206  25   23   
207  25   15   
208  26   1    
209  11   26   
210  22   5    
211  19   9    
212  15   13   
213  12   13   
214  11   27   
215  16   17   
216  13   25   
217  6    19   
218  6    12   
219  10   23   
220  18   7    
221  11   14   
222  15   17   
223  10   13   
224  17   6    
225  13   15   
226  15   21   
227  19   27   
228  17   19   
229  20   27   
230  7    9    
231  2    13   
232  3    17   
233  14   6    
234  18   24   
235  6    27   
236  18   17   
237  1    9    
238  18   6    
239  12   22   
240  23   8    
241  11   20   
242  7    8    
243  8    25   
244  15   19   
245  21   21   
246  24   9    
247  16   13   
248  11   23   
249  27   16   
250  17   26   
251  21   13   
252  8    15   
253  11   6    
254  3    22   
255  3    10   
256  17   12   
257  3    19   
258  13   24   
259  15   20   
260  24   7    
261  8    26   
262  3    6    
263  19   7    
264  24   13   
265  10   7    
266  22   24   
267  9    28   
268  14   15   
269  8    21   
270  21   14   
271  3    20   
272  8    1    
273  8    24   
274  10   2    
275  5    16   
276  26   13   
277  24   15   
278  21   8    
279  18   1    
280  23   9    
281  9    18   
282  10   27   
283  16   4    
284  12   11   
285  1    7    
286  16   21   
287  5    7    
288  24   16   
289  13   12   
290  6    17   
291  17   25   
292  15   15   
293  14   21   
294  17   13   
295  6    2    
296  14   27   
297  28   7    
298  22   4    
299  11   3    
300  5    19   
301  12   27   
302  5    25   
303  16   5    
304  25   25   
305  5    6    
306  14   13   
307  10   12   
308  13   11   
309  23   24   
310  10   10   
311  17   5    
312  14   4    
313  6    1    
314  11   12   
315  10   20   
316  18   26   
317  2    4    
318  6    3    
319  10   19   
320  26   3    
321  19   25   
322  26   9    
323  12   8    
324  22   25   
325  8    6    
326  22   26   
327  26   6    
328  23   2    
329  20   18   
330  11   10   
331  23   7    
332  13   9    
333  9    2    
334  10   5    
335  24   12   
336  24   5    
337  2    12   
338  21   5    
339  1    10   
340  24   4    
341  17   18   
342  6    21   
343  1    13   
344  9    3    
345  16   24   
346  1    18   
347  21   3    
348  23   17   
349  14   28   
350  14   5    
351  13   14   
352  3    5    
353  24   8    
354  23   3    
355  9    22   
356  3    8    
357  13   8    
358  16   11   
359  14   14   
360  18   10   
361  24   17   
362  6    7    
363  23   4    
364  23   21   
365  13   27   
366  7    6    
367  9    9    
368  8    9    
369  13   5    
370  11   2    
371  23   14   
372  11   21   
373  21   9    
374  13   2    
375  18   4    
376  9    24   
377  18   9    
378  5    3    
379  5    24   
380  12   17   
381  27   13   
382  16   3    
383  5    21   
384  15   3    
385  15   5    
386  21   1    
387  18   25   
388  13   17   
389  1    14   
390  6    8    
391  19   6    
392  18   20   
393  24   26   
394  24   21   
395  21   7    
396  21   18   
397  22   2    
398  25   4    
399  9    13   
400  15   7    
401  27   15   
402  15   23   
403  13   28   
404  23   10   
405  15   9    
406  16   0    
407  8    2    
408  18   12   
409  15   18   
410  21   26   
411  3    18   
412  20   13   
413  14   17   
414  4    22   
415  12   6    
416  23   19   
417  11   9    
418  17   11   
419  20   16   
420  28   20   
421  6    18   
422  9    16   
423  15   6    
424  10   8    
425  6    20   
426  18   16   
427  7    17   
428  10   17   
429  12   21   
430  19   11   
431  2    9    
432  5    22   
433  13   6    
434  21   27   
435  9    27   
436  4    20   
437  25   19   
438  7    4    
439  10   18   
440  8    13   
441  10   14   
442  18   22   
443  14   23   
444  3    21   
445  19   20   
446  2    7    
447  14   25   
448  5    20   
449  7    13   
450  4    15   
451  3    7    
452  16   22   
453  23   23   
454  27   7    
455  26   20   
456  17   4    
457  6    9    
458  23   12   
459  10   26   
460  5    10   
461  20   12   
462  28   18   
463  25   11   
464  1    19   
465  14   12   
466  22   21   
467  12   15   
468  7    14   
469  8    8    
470  1    16   
471  8    19   
472  22   14   
473  6    25   
474  2    20   
475  27   19   
476  14   10   
477  16   12   
478  21   23   
479  6    22   
480  1    8    
481  24   19   
482  6    4    
483  1    11   
484  20   25   
485  10   16   
486  2    22   
487  4    11   
488  3    24   
489  27   6    
490  12   4    
491  11   5    
492  14   20   
493  6    15   
494  22   15   
495  12   24   
496  13   16   
497  7    23   
498  23   5    
499  16   15   
500  6    11   
501  26   4    
502  26   22   
503  12   2    
504  7    16   
505  5    18   
506  7    3    
507  10   9    
508  2    19   
509  18   28   
510  17   9    
511  4    24   
512  9    23   
513  2    14   
514  11   7    
515  22   9    
516  14   2    
517  5    17   
518  14   9    
519  8    3    
520  26   19   
521  14   11   
522  26   17   
523  19   5    
524  16   16   
525  18   8    
526  10   3    
527  3    2    
528  12   9    
529  13   23   
530  10   6    
531  17   16   
532  9    5    
533  5    14   
534  13   19   
535  17   2    
536  12   1    
537  8    16   
538  21   2    
539  20   20   
540  18   21   
541  7    15   
542  21   6    
543  7    22   
544  4    14   
545  14   26   
546  21   20   
547  24   11   
548  23   15   
549  17   21   
550  6    23   
551  17   27   
552  26   15   
553  20   22   
554  7    18   
555  12   19   
556  23   22   
557  26   16   
558  25   9    
559  20   23   
560  9    25   
561  12   28   
562  26   18   
563  2    16   
564  22   12   
565  21   28   
566  4    27   
567  7    2    
568  27   10   
569  9    6    
570  27   20   
571  12   5    
572  20   8    
573  14   24   
574  7    5    
575  9    11   
576  3    9    
577  10   25   
578  3    23   
579  22   8    
580  0    17   
581  28   14   
582  25   7    
583  3    13   
584  27   25   
585  6    6    
586  11   24   
587  23   13   
588  16   20   
589  19   28   
590  27   12   
591  21   4    
592  15   27   
593  19   12   
594  4    9    
595  26   23   
596  18   0    
597  25   14   
598  9    19   
599  12   12   
600  19   21   
601  8    11   
602  1    24   
603  21   22   
604  6    24   
605  7    7    
606  13   13   
607  25   24   
608  22   3    
609  12   25   
610  11   16   
611  28   15   
612  11   25   
613  25   17   
614  14   18   
615  18   19   
616  25   13   
617  21   19   
618  2    10   
619  15   12   
620  19   23   
621  29   14   
622  8    7    
623  19   4    
624  8    17   
625  24   24   
626  24   1    
627  15   11   
628  20   4    
629  4    10   
630  19   18   
631  5    4    
632  10   11   
633  18   13   
634  22   11   
635  28   19   
636  16   27   
637  20   9    
638  27   17   
639  26   14   
640  14   19   
641  13   4    
642  12   26   
643  18   18   
644  8    12   
645  4    17   
646  22   27   
647  19   17   
648  25   10   
649  6    5    
650  11   15   
651  26   11   
652  14   3    
653  21   12   
654  16   26   
655  4    6    
656  12   18   
657  3    11   
658  7    19   
659  8    4    
660  8    23   
661  19   10   
662  26   24   
663  1    22   
664  9    26   
665  8    5    
666  25   12   
667  17   10   
668  24   27   
669  7    12   
670  15   8    
671  5    15   
672  7    26   
673  26   8    
674  20   6    
675  4    3    
676  12   23   
677  8    18   
678  19   3    
679  19   14   
680  18   11   
681  19   19   
682  22   6    
683  11   13   
684  17   7    
685  11   22   
686  9    4    
687  23   11   
688  12   7    
689  16   1    
690  27   9    
691  11   18   
692  6    13   
693  18   5    
694  28   11   
695  13   21   
696  26   12   
697  19   2    
698  20   2    
699  18   2    
700  22   10   
701  5    5    
702  12   14   
703  4    8    
704  14   1    
705  27   21   
706  28   12   
707  4    7    
708  4    5    
709  14   22   
710  19   26   
711  4    25   
712  20   11   
713  19   15   
714  16   7    
715  2    18   
716  19   24   
717  20   14   
718  10   4    
719  1    23   
720  23   26   
721  20   19   
722  16   9    
723  20   24   
724  16   25   
725  12   20   
726  5    12   
727  4    18   
728  20   1    
729  24   20   
730  26   10   
731  5    8    
732  9    8    
733  24   10   
734  24   2    
735  17   1    
736  9    20   
737  27   4    
738  3    14   
739  17   23   
740  21   24   
741  11   17   
742  17   14   
743  13   7    
744  25   18   
745  12   3    
746  21   17   
747  17   15   
748  4    19   
749  17   24   
750  22   19   
751  9    17   
752  13   18   
753  9    7    
754  6    14   
755  15   1    
756  27   14   
757  11   1    
758  2    8    
759  13   20   
760  23   25   
761  5    26   
762  16   8    
763  20   3    
764  4    16   
765  6    26   
766  22   20   
767  18   27   
768  19   22   
769  26   5    
770  7    25   
771  5    23   
772  15   25   
773  13   26   
774  23   6    
775  1    17   
776  16   28   
777  13   10   
778  25   20   
779  1    12   
780  9    14   
781  9    10   
782  15   14   
783  15   28   
784  21   15   
785  8    20   
786  16   18   
787  2    15   
788  3    15   
789  20   7    
790  23   20   
791  27   24   
792  25   3    
793  4    12   
794  11   4    
795  9    12   
796  15   2    
797  20   17   
798  24   22   
799  20   10   
800  25   16   
801  2    11   
802  24   23   
803  5    9    
804  13   22   
