0    19   7    
1    7    19   
2    19   16   
3    19   18   
4    19   1    
5    0    8    
6    19   14   
7    9    19   
8    19   2    
9    15   0    
10   0    11   
11   14   19   
12   2    0    
13   0    5    
14   12   0    
15   19   15   
16   8    0    
17   11   0    
18   16   0    
19   19   17   
20   19   10   
21   0    1    
22   0    7    
23   0    12   
24   13   0    
25   6    19   
26   3    0    
27   1    0    
28   18   0    
29   12   19   
30   8    19   
31   4    0    
32   0    15   
33   11   19   
34   0    6    
35   19   6    
36   3    19   
37   10   19   
38   19   13   
39   0    9    
40   18   19   
41   13   19   
42   4    19   
43   5    0    
44   0    17   
45   2    19   
46   10   0    
47   19   11   
48   0    10   
49   17   19   
50   17   0    
51   0    4    
52   7    0    
53   0    13   
54   19   3    
55   1    19   
56   9    0    
57   11   10   
58   17   8    
59   14   4    
60   5    8    
61   6    11   
62   2    15   
63   3    7    
64   11   4    
65   2    11   
66   3    5    
67   8    15   
68   6    12   
69   12   5    
70   14   5    
71   5    15   
72   13   7    
73   2    10   
74   12   8    
75   1    5    
76   11   5    
77   13   11   
78   3    17   
79   14   12   
80   10   18   
81   9    17   
82   4    16   
83   2    7    
84   8    5    
85   11   12   
86   16   10   
87   3    15   
88   12   9    
89   9    3    
90   17   13   
91   18   11   
92   7    4    
93   10   4    
94   15   10   
95   16   9    
96   8    3    
97   15   12   
98   6    16   
99   13   12   
100  14   8    
101  12   17   
102  7    2    
103  8    11   
104  18   7    
105  2    12   
106  2    5    
107  8    12   
108  10   12   
109  9    18   
110  6    17   
111  16   7    
112  14   7    
113  6    10   
114  4    14   
115  10   15   
116  7    9    
117  10   14   
118  10   11   
119  2    13   
120  6    2    
121  4    4    
122  5    3    
123  13   5    
124  6    1    
125  4    2    
126  3    10   
127  6    3    
128  9    2    
129  3    4    
130  12   14   
131  8    4    
132  4    5    
133  5    10   
134  17   7    
135  5    7    
136  12   11   
137  5    13   
138  3    8    
139  16   17   
140  11   3    
141  14   3    
142  14   16   
143  6    14   
144  14   13   
145  7    8    
146  17   10   
147  3    3    
148  9    16   
149  10   10   
150  12   2    
151  8    16   
152  9    5    
153  16   8    
154  4    6    
155  12   4    
156  13   8    
157  3    6    
158  15   17   
159  7    5    
160  10   13   
161  5    12   
162  11   6    
163  3    16   
164  13   4    
165  11   9    
166  11   15   
167  10   3    
168  3    9    
169  8    17   
170  7    16   
171  1    9    
172  16   14   
173  11   2    
174  9    1    
175  11   13   
176  9    11   
177  11   1    
178  12   13   
179  16   4    
180  4    12   
181  10   8    
182  11   14   
183  7    14   
184  14   11   
185  10   6    
186  10   7    
187  9    13   
188  6    8    
189  3    2    
190  13   3    
191  2    14   
192  4    10   
193  13   2    
194  5    14   
195  5    4    
196  3    12   
197  9    8    
198  15   9    
199  10   9    
200  9    12   
201  10   16   
202  12   7    
203  12   3    
204  2    4    
205  11   11   
206  7    12   
207  8    14   
208  15   11   
209  2    9    
210  1    13   
211  15   8    
212  11   16   
213  14   15   
214  13   17   
215  12   15   
216  9    9    
217  5    6    
218  12   18   
219  11   8    
220  13   13   
221  9    7    
222  16   11   
223  1    14   
224  8    13   
225  7    3    
226  3    14   
227  14   17   
228  15   5    
229  16   5    
230  12   12   
231  14   10   
232  8    2    
233  12   16   
234  13   14   
235  5    5    
236  4    13   
237  10   1    
238  11   17   
239  16   13   
240  8    6    
241  17   11   
242  16   6    
243  9    15   
244  13   16   
245  13   18   
246  6    15   
247  9    10   
248  15   6    
249  1    6    
250  4    8    
251  6    13   
252  4    3    
253  14   14   
254  4    9    
255  7    13   
256  7    6    
257  8    10   
258  7    10   
259  11   7    
260  7    15   
261  14   6    
262  7    17   
263  17   14   
264  4    7    
265  5    11   
266  3    13   
267  1    7    
268  14   9    
269  16   15   
270  1    8    
271  3    11   
272  6    7    
273  17   9    
274  15   15   
275  12   10   
276  16   16   
277  15   16   
278  13   6    
279  12   6    
280  9    6    
281  6    6    
282  16   12   
283  4    15   
284  6    4    
285  10   5    
286  15   14   
287  7    7    
288  8    7    
289  2    6    
290  17   12   
291  15   13   
292  17   6    
293  8    8    
294  9    14   
295  10   17   
296  9    4    
297  6    5    
298  18   10   
299  1    12   
300  10   2    
301  4    17   
302  8    1    
303  6    9    
304  1    10   
305  8    18   
306  5    17   
307  7    11   
308  8    9    
309  2    8    
310  13   9    
311  5    9    
312  13   15   
313  13   10   
314  4    11   
315  15   7    
