0    19   14   
1    18   19   
2    0    16   
3    8    19   
4    5    0    
5    17   0    
6    3    0    
7    19   15   
8    11   0    
9    0    10   
10   19   17   
11   13   0    
12   6    19   
13   2    19   
14   19   16   
15   1    19   
16   5    19   
17   6    0    
18   4    0    
19   13   19   
20   19   1    
21   0    4    
22   10   0    
23   0    5    
24   19   2    
25   0    1    
26   4    19   
27   12   19   
28   12   0    
29   8    0    
30   19   5    
31   19   8    
32   0    15   
33   0    12   
34   16   19   
35   0    6    
36   19   3    
37   14   0    
38   19   6    
39   0    17   
40   17   19   
41   0    7    
42   0    8    
43   19   12   
44   3    19   
45   19   9    
46   0    2    
47   15   0    
48   0    11   
49   19   18   
50   11   19   
51   0    9    
52   1    0    
53   0    14   
54   19   11   
55   0    3    
56   10   19   
57   7    19   
58   0    18   
59   19   13   
60   2    0    
61   14   19   
62   7    0    
63   9    19   
64   12   17   
65   5    2    
66   12   14   
67   16   7    
68   5    3    
69   5    17   
70   15   7    
71   3    3    
72   8    3    
73   3    7    
74   9    5    
75   14   7    
76   10   5    
77   11   11   
78   7    14   
79   5    5    
80   18   11   
81   15   17   
82   13   14   
83   6    4    
84   9    14   
85   10   14   
86   8    18   
87   7    12   
88   13   12   
89   3    5    
90   4    15   
91   4    9    
92   0    13   
93   15   9    
94   8    6    
95   11   10   
96   4    14   
97   3    10   
98   5    7    
99   10   15   
100  4    1    
101  11   13   
102  9    12   
103  13   10   
104  8    4    
105  8    5    
106  12   9    
107  2    6    
108  16   11   
109  7    4    
110  6    15   
111  12   16   
112  7    16   
113  2    14   
114  15   4    
115  5    4    
116  15   14   
117  17   13   
118  4    12   
119  10   13   
120  10   16   
121  16   13   
122  7    6    
123  6    17   
124  12   4    
125  5    12   
126  2    9    
127  10   7    
128  16   10   
129  2    3    
130  8    2    
131  7    9    
132  5    18   
133  16   6    
134  17   12   
135  11   2    
136  15   3    
137  1    8    
138  1    10   
139  2    12   
140  10   3    
141  7    1    
142  13   16   
143  6    10   
144  15   16   
145  12   3    
146  11   14   
147  5    14   
148  3    11   
149  18   7    
150  6    16   
151  16   12   
152  1    7    
153  1    14   
154  7    17   
155  14   9    
156  6    2    
157  14   3    
158  10   12   
159  17   16   
160  16   3    
161  11   4    
162  6    1    
163  15   11   
164  15   10   
165  5    11   
166  12   11   
167  8    8    
168  6    11   
169  15   5    
170  8    1    
171  7    3    
172  12   8    
173  16   5    
174  5    8    
175  7    11   
176  7    2    
177  19   4    
178  6    7    
179  9    8    
180  9    13   
181  13   1    
182  16   9    
183  8    7    
184  9    1    
185  11   16   
186  2    5    
187  14   12   
188  5    1    
189  8    9    
190  1    6    
191  3    8    
192  7    10   
193  4    2    
194  13   15   
195  4    10   
196  9    4    
197  5    6    
198  9    9    
199  10   9    
200  2    4    
201  15   12   
202  14   8    
203  2    10   
204  1    15   
205  18   4    
206  5    10   
207  16   16   
208  14   13   
209  17   3    
210  4    8    
211  8    15   
212  11   17   
213  1    12   
214  9    18   
215  12   5    
216  15   8    
217  12   2    
218  13   5    
219  3    12   
220  14   5    
221  9    15   
222  5    15   
223  15   15   
224  8    14   
225  9    10   
226  15   13   
227  13   6    
228  8    12   
229  1    4    
230  4    11   
231  7    15   
232  4    6    
233  11   3    
234  14   2    
235  4    7    
236  3    13   
237  14   1    
238  11   1    
239  8    13   
240  13   9    
241  11   8    
242  6    12   
243  6    5    
244  10   1    
245  18   10   
246  7    18   
247  3    17   
248  4    16   
249  16   14   
250  12   1    
251  10   2    
252  14   16   
253  4    13   
254  11   7    
255  10   8    
256  14   4    
257  2    15   
258  6    6    
259  2    11   
260  12   13   
261  7    13   
262  17   14   
263  14   15   
264  7    8    
265  5    13   
266  1    11   
267  4    3    
268  13   18   
269  9    3    
270  12   10   
271  17   15   
272  14   18   
273  14   10   
274  9    2    
275  9    17   
276  13   2    
277  17   7    
278  16   4    
279  18   14   
280  10   11   
281  5    9    
282  13   13   
283  6    9    
284  12   15   
285  17   5    
286  17   10   
287  3    2    
288  11   15   
289  18   6    
290  6    3    
291  12   12   
292  12   6    
293  13   3    
294  8    16   
295  18   12   
296  10   18   
297  9    7    
298  6    14   
299  8    10   
300  3    16   
301  3    6    
302  17   9    
303  11   9    
304  6    8    
305  10   10   
306  6    13   
307  2    13   
308  5    16   
309  17   8    
310  7    5    
311  9    0    
312  11   6    
313  12   7    
314  8    17   
315  16   15   
316  13   4    
317  9    6    
318  3    9    
319  14   6    
320  13   17   
321  2    8    
322  13   8    
323  13   11   
324  15   6    
325  11   5    
326  13   7    
327  14   17   
328  1    9    
329  16   1    
330  4    17   
331  18   9    
332  3    4    
333  14   11   
334  17   4    
335  18   8    
336  4    4    
337  11   18   
338  14   14   
339  9    16   
340  10   6    
341  16   8    
342  4    5    
343  8    11   
344  2    7    
345  10   4    
346  15   2    
347  9    11   
348  3    14   
349  10   17   
350  17   6    
351  15   1    
352  11   12   
353  7    7    
354  3    15   
