0    4    0    
1    8    0    
2    9    6    
3    0    5    
4    0    4    
5    6    0    
6    1    0    
7    3    9    
8    7    9    
9    9    3    
10   0    2    
11   0    6    
12   9    4    
13   0    8    
14   3    0    
15   0    7    
16   5    0    
17   9    2    
18   7    0    
19   0    3    
20   4    9    
21   9    7    
22   2    9    
23   5    9    
24   8    9    
25   6    7    
26   4    3    
27   7    2    
28   4    7    
29   6    3    
30   8    4    
31   5    7    
32   1    7    
33   2    4    
34   5    6    
35   5    8    
36   3    2    
37   2    3    
38   4    2    
39   3    6    
40   4    6    
41   6    5    
42   5    4    
43   5    5    
44   4    4    
45   8    6    
46   5    3    
47   7    6    
48   5    2    
49   1    4    
50   2    5    
51   9    5    
52   3    3    
53   4    5    
54   7    4    
55   8    2    
56   2    6    
57   3    7    
58   8    5    
59   3    1    
60   6    6    
61   4    1    
62   7    3    
63   6    2    
64   5    1    
65   7    7    
66   2    2    
67   6    1    
68   1    5    
69   8    3    
70   7    5    
71   2    7    
72   3    4    
73   6    4    
74   6    8    
75   3    5    
