0    28   0    
1    30   39   
2    17   39   
3    36   39   
4    34   39   
5    15   0    
6    9    39   
7    39   24   
8    39   10   
9    30   0    
10   0    33   
11   0    36   
12   22   0    
13   39   20   
14   0    24   
15   0    34   
16   39   30   
17   23   39   
18   33   0    
19   8    39   
20   13   39   
21   0    26   
22   39   1    
23   7    0    
24   39   13   
25   21   0    
26   0    13   
27   21   39   
28   4    0    
29   20   0    
30   39   34   
31   10   39   
32   23   0    
33   0    22   
34   0    19   
35   0    20   
36   39   29   
37   39   22   
38   0    27   
39   0    1    
40   0    11   
41   18   0    
42   39   2    
43   39   15   
44   39   6    
45   35   0    
46   7    39   
47   16   39   
48   22   39   
49   10   0    
50   0    21   
51   11   39   
52   6    39   
53   6    0    
54   5    0    
55   0    7    
56   17   0    
57   37   39   
58   2    39   
59   3    0    
60   31   39   
61   15   39   
62   13   0    
63   24   0    
64   39   31   
65   0    14   
66   0    8    
67   12   39   
68   0    38   
69   39   5    
70   37   0    
71   38   39   
72   39   8    
73   0    12   
74   39   38   
75   0    29   
76   16   0    
77   39   21   
78   0    37   
79   1    39   
80   14   0    
81   25   39   
82   28   39   
83   39   12   
84   39   36   
85   39   4    
86   20   39   
87   32   39   
88   39   18   
89   31   0    
90   29   0    
91   39   25   
92   39   23   
93   9    0    
94   0    31   
95   4    39   
96   0    18   
97   32   0    
98   5    39   
99   26   39   
100  39   33   
101  1    0    
102  0    5    
103  0    10   
104  0    25   
105  0    30   
106  39   14   
107  14   39   
108  39   37   
109  0    17   
110  12   0    
111  2    0    
112  39   27   
113  39   32   
114  8    0    
115  34   0    
116  39   35   
117  0    35   
118  19   39   
119  24   39   
120  33   39   
121  27   18   
122  20   34   
123  37   22   
124  10   12   
125  7    25   
126  16   3    
127  12   34   
128  25   21   
129  26   16   
130  32   11   
131  15   6    
132  29   22   
133  1    27   
134  4    11   
135  16   18   
136  20   10   
137  11   22   
138  14   32   
139  17   22   
140  14   16   
141  2    28   
142  8    28   
143  26   18   
144  22   24   
145  22   33   
146  22   32   
147  24   14   
148  8    23   
149  29   24   
150  5    11   
151  7    7    
152  16   30   
153  18   28   
154  15   38   
155  22   37   
156  14   18   
157  4    24   
158  10   26   
159  12   29   
160  27   38   
161  31   31   
162  27   10   
163  10   28   
164  9    28   
165  33   3    
166  3    21   
167  9    18   
168  34   25   
169  14   23   
170  32   28   
171  3    22   
172  34   27   
173  14   20   
174  27   28   
175  24   30   
176  19   35   
177  12   7    
178  28   20   
179  5    19   
180  18   8    
181  27   3    
182  14   35   
183  16   7    
184  22   27   
185  24   17   
186  22   28   
187  17   29   
188  9    24   
189  27   24   
190  12   25   
191  7    22   
192  17   23   
193  24   36   
194  12   35   
195  7    12   
196  25   17   
197  14   31   
198  12   5    
199  33   11   
200  13   22   
201  10   4    
202  6    18   
203  6    14   
204  30   36   
205  20   14   
206  10   27   
207  26   5    
208  14   36   
209  11   12   
210  9    14   
211  11   14   
212  26   22   
213  20   38   
214  16   34   
215  36   16   
216  20   1    
217  11   26   
218  2    26   
219  16   22   
220  16   12   
221  31   32   
222  6    3    
223  10   15   
224  7    9    
225  6    22   
226  3    13   
227  8    35   
228  38   12   
229  33   28   
230  7    11   
231  12   15   
232  31   30   
233  8    38   
234  7    24   
235  8    12   
236  33   32   
237  36   26   
238  6    13   
239  1    23   
240  25   24   
241  16   4    
242  30   8    
243  16   13   
244  21   14   
245  16   21   
246  3    10   
247  22   2    
248  33   23   
249  22   18   
250  26   21   
251  15   27   
252  18   9    
253  22   21   
254  17   21   
255  6    30   
256  27   19   
257  37   12   
258  30   25   
259  21   22   
260  21   24   
261  11   17   
262  23   17   
263  13   29   
264  13   5    
265  4    25   
266  24   26   
267  19   33   
268  22   7    
269  35   19   
270  2    27   
271  14   5    
272  35   4    
273  1    20   
274  30   3    
275  9    7    
276  15   19   
277  24   22   
278  26   20   
279  19   26   
280  28   2    
281  10   24   
282  35   17   
283  4    17   
284  27   23   
285  20   2    
286  10   33   
287  33   25   
288  38   26   
289  30   30   
290  5    20   
291  32   12   
292  10   22   
293  6    24   
294  30   14   
295  10   30   
296  3    23   
297  10   3    
298  8    11   
299  18   27   
300  21   28   
301  29   4    
302  9    26   
303  11   13   
304  22   14   
305  34   6    
306  12   11   
307  26   10   
308  11   36   
309  32   3    
310  17   11   
311  10   23   
312  11   25   
313  15   26   
314  22   15   
315  18   31   
316  38   14   
317  30   11   
318  15   25   
319  8    5    
320  10   5    
321  22   10   
322  25   31   
323  33   24   
324  28   6    
325  27   5    
326  20   6    
327  13   8    
328  27   33   
329  19   38   
330  17   33   
331  31   8    
332  30   37   
333  15   2    
334  32   29   
335  33   22   
336  19   0    
337  34   20   
338  11   27   
339  6    15   
340  26   33   
341  20   15   
342  27   0    
343  7    26   
344  23   21   
345  13   15   
346  19   29   
347  19   32   
348  34   11   
349  7    6    
350  11   4    
351  7    15   
352  22   11   
353  26   30   
354  24   4    
355  28   33   
356  22   17   
357  20   11   
358  13   23   
359  18   6    
360  28   21   
361  35   9    
362  16   5    
363  23   6    
364  21   7    
365  13   21   
366  31   14   
367  9    29   
368  8    34   
369  25   37   
370  15   35   
371  27   8    
372  25   3    
373  9    23   
374  16   11   
375  4    23   
376  1    21   
377  14   30   
378  27   15   
379  16   25   
380  13   34   
381  13   11   
382  12   19   
383  12   12   
384  18   10   
385  29   9    
386  13   14   
387  23   11   
388  22   19   
389  18   17   
390  28   38   
391  26   28   
392  3    12   
393  3    20   
394  21   12   
395  13   26   
396  13   31   
397  22   6    
398  35   16   
399  14   27   
400  10   29   
401  21   36   
402  34   34   
403  34   16   
404  19   24   
405  26   37   
406  30   31   
407  30   16   
408  36   24   
409  2    25   
410  26   19   
411  19   18   
412  20   28   
413  37   27   
414  35   29   
415  10   31   
416  30   19   
417  37   25   
418  8    29   
419  9    11   
420  15   21   
421  26   12   
422  19   17   
423  1    33   
424  31   22   
425  14   13   
426  31   34   
427  10   25   
428  17   32   
429  15   22   
430  10   7    
431  25   4    
432  27   16   
433  19   8    
434  30   34   
435  13   33   
436  9    33   
437  22   5    
438  32   24   
439  14   3    
440  16   15   
441  11   21   
442  25   19   
443  18   34   
444  34   13   
445  4    28   
446  25   6    
447  24   11   
448  30   9    
449  15   32   
450  27   25   
451  30   13   
452  16   14   
453  24   31   
454  28   5    
455  3    9    
456  17   8    
457  15   23   
458  21   26   
459  21   32   
460  26   9    
461  17   25   
462  14   26   
463  24   29   
464  13   10   
465  27   11   
466  14   28   
467  31   27   
468  17   17   
469  12   20   
470  31   13   
471  26   27   
472  17   30   
473  4    9    
474  21   27   
475  26   11   
476  23   10   
477  11   18   
478  28   29   
479  2    17   
480  22   35   
481  25   23   
482  20   37   
483  32   27   
484  9    13   
485  31   23   
486  21   3    
487  24   32   
488  31   12   
489  31   29   
490  28   16   
491  9    19   
492  38   21   
493  19   16   
494  7    27   
495  19   15   
496  11   28   
497  9    3    
498  24   9    
499  30   5    
500  34   9    
501  7    17   
502  17   26   
503  14   22   
504  3    27   
505  12   21   
506  20   31   
507  5    13   
508  29   8    
509  34   7    
510  10   16   
511  26   3    
512  11   10   
513  21   29   
514  4    18   
515  6    10   
516  13   7    
517  34   3    
518  20   24   
519  23   13   
520  22   38   
521  25   32   
522  12   8    
523  32   19   
524  20   17   
525  12   26   
526  18   4    
527  13   17   
528  29   27   
529  17   5    
530  4    21   
531  6    19   
532  7    28   
533  19   19   
534  22   12   
535  30   21   
536  24   2    
537  19   37   
538  15   8    
539  20   19   
540  18   18   
541  36   20   
542  23   1    
543  12   4    
544  2    21   
545  36   12   
546  29   10   
547  23   33   
548  6    20   
549  5    18   
550  15   11   
551  31   10   
552  32   5    
553  6    29   
554  17   13   
555  10   20   
556  14   6    
557  16   19   
558  19   12   
559  33   6    
560  30   7    
561  19   4    
562  12   6    
563  20   4    
564  29   30   
565  34   15   
566  6    9    
567  19   22   
568  10   32   
569  25   28   
570  15   13   
571  24   20   
572  17   24   
573  27   32   
574  9    16   
575  31   15   
576  16   35   
577  11   16   
578  22   31   
579  12   24   
580  9    31   
581  27   27   
582  15   7    
583  2    24   
584  27   2    
585  36   25   
586  13   16   
587  10   18   
588  27   7    
589  29   23   
590  4    22   
591  30   4    
592  13   25   
593  25   12   
594  26   6    
595  21   16   
596  18   24   
597  27   35   
598  12   28   
599  32   34   
600  16   17   
601  33   35   
602  33   8    
603  29   3    
604  7    20   
605  33   4    
606  7    32   
607  10   36   
608  2    23   
609  25   25   
610  28   15   
611  11   33   
612  28   34   
613  8    31   
614  8    15   
615  17   3    
616  35   18   
617  12   31   
618  13   36   
619  37   24   
620  18   32   
621  4    12   
622  20   12   
623  9    9    
624  29   29   
625  28   4    
626  12   9    
627  19   20   
628  3    25   
629  24   25   
630  28   30   
631  25   22   
632  1    28   
633  33   21   
634  35   15   
635  27   20   
636  34   26   
637  23   5    
638  11   35   
639  15   17   
640  34   22   
641  15   16   
642  20   25   
643  28   32   
644  9    21   
645  3    17   
646  16   1    
647  5    27   
648  23   36   
649  20   33   
650  1    11   
651  35   7    
652  22   34   
653  10   8    
654  14   24   
655  18   11   
656  20   3    
657  6    32   
658  18   25   
659  35   25   
660  21   2    
661  27   6    
662  36   13   
663  6    21   
664  6    23   
665  10   11   
666  33   19   
667  28   19   
668  26   8    
669  24   28   
670  25   27   
671  35   11   
672  34   29   
673  5    22   
674  18   19   
675  6    17   
676  8    13   
677  22   26   
678  36   19   
679  25   33   
680  23   26   
681  10   17   
682  7    16   
683  26   31   
684  12   32   
685  21   6    
686  6    34   
687  32   15   
688  12   17   
689  23   3    
690  6    27   
691  8    18   
692  16   23   
693  11   7    
694  36   11   
695  9    17   
696  7    34   
697  26   0    
698  34   31   
699  23   34   
700  23   2    
701  27   14   
702  21   19   
703  13   28   
704  9    25   
705  31   3    
706  5    17   
707  21   17   
708  29   7    
709  21   31   
710  17   37   
711  20   13   
712  18   13   
713  23   28   
714  20   9    
715  29   20   
716  12   30   
717  23   20   
718  16   28   
719  35   34   
720  23   8    
721  31   17   
722  18   38   
723  13   12   
724  17   38   
725  31   6    
726  9    4    
727  13   20   
728  4    26   
729  22   16   
730  18   22   
731  17   35   
732  20   29   
733  14   12   
734  23   23   
735  35   6    
736  20   16   
737  8    8    
738  30   24   
739  17   36   
740  33   30   
741  12   37   
742  29   14   
743  29   5    
744  31   33   
745  29   32   
746  25   14   
747  4    14   
748  28   23   
749  7    14   
750  10   14   
751  12   16   
752  5    7    
753  11   6    
754  39   19   
755  19   3    
756  19   6    
757  33   14   
758  8    22   
759  12   38   
760  21   5    
761  4    27   
762  19   28   
763  14   9    
764  8    26   
765  15   9    
766  19   10   
767  19   31   
768  31   7    
769  29   36   
770  19   13   
771  23   19   
772  37   19   
773  6    16   
774  27   29   
775  20   8    
776  21   11   
777  17   7    
778  9    10   
779  8    19   
780  26   7    
781  17   16   
782  21   1    
783  5    12   
784  31   5    
785  14   15   
786  13   6    
787  24   24   
788  8    7    
789  28   7    
790  16   2    
791  32   23   
792  4    32   
793  20   5    
794  19   2    
795  28   31   
796  25   13   
797  21   9    
798  37   11   
799  15   30   
800  25   29   
801  3    14   
802  14   11   
803  37   18   
804  8    17   
805  33   33   
806  19   25   
807  13   37   
808  18   23   
809  11   24   
810  13   19   
811  22   30   
812  33   27   
813  26   15   
814  18   7    
815  21   15   
816  19   1    
817  16   6    
818  28   28   
819  8    32   
820  29   11   
821  24   16   
822  18   20   
823  27   4    
824  17   14   
825  29   19   
826  25   34   
827  4    13   
828  25   16   
829  7    21   
830  17   12   
831  17   27   
832  33   16   
833  7    13   
834  13   24   
835  28   10   
836  28   26   
837  4    16   
838  31   11   
839  20   23   
840  24   27   
841  20   18   
842  29   21   
843  13   35   
844  6    26   
845  15   29   
846  16   36   
847  20   22   
848  11   15   
849  11   19   
850  12   2    
851  23   30   
852  27   9    
853  29   28   
854  4    33   
855  17   1    
856  26   17   
857  19   5    
858  20   21   
859  7    19   
860  5    33   
861  13   32   
862  34   18   
863  28   9    
864  15   24   
865  31   20   
866  3    24   
867  27   13   
868  16   16   
869  4    20   
870  28   13   
871  4    15   
872  23   31   
873  16   10   
874  34   10   
875  21   18   
876  34   23   
877  27   31   
878  37   10   
879  9    15   
880  6    25   
881  18   14   
882  18   12   
883  37   13   
884  11   23   
885  10   13   
886  26   25   
887  37   16   
888  12   22   
889  3    26   
890  35   27   
891  35   28   
892  19   11   
893  6    12   
894  14   29   
895  11   30   
896  32   18   
897  8    21   
898  17   18   
899  9    35   
900  12   13   
901  2    13   
902  8    24   
903  21   34   
904  24   37   
905  36   9    
906  35   26   
907  24   7    
908  21   30   
909  28   1    
910  16   33   
911  24   8    
912  25   11   
913  8    27   
914  31   9    
915  32   7    
916  34   19   
917  28   14   
918  23   14   
919  30   29   
920  14   2    
921  11   20   
922  21   8    
923  12   36   
924  23   32   
925  32   14   
926  38   24   
927  25   2    
928  29   33   
929  22   23   
930  32   32   
931  27   39   
932  18   35   
933  35   10   
934  26   1    
935  16   29   
936  4    10   
937  29   26   
938  5    8    
939  23   29   
940  27   37   
941  6    11   
942  17   19   
943  34   21   
944  13   1    
945  16   20   
946  14   34   
947  26   26   
948  29   15   
949  14   25   
950  27   36   
951  10   9    
952  23   16   
953  25   18   
954  22   4    
955  16   27   
956  22   8    
957  13   30   
958  30   2    
959  18   26   
960  30   10   
961  34   24   
962  30   1    
963  24   19   
964  29   34   
965  3    19   
966  7    37   
967  17   15   
968  24   3    
969  3    16   
970  20   32   
971  25   30   
972  30   15   
973  23   22   
974  5    26   
975  34   17   
976  21   13   
977  14   10   
978  14   19   
979  30   22   
980  5    23   
981  27   17   
982  26   36   
983  18   15   
984  11   11   
985  28   18   
986  25   20   
987  31   16   
988  28   35   
989  7    31   
990  24   23   
991  15   34   
992  37   17   
993  16   31   
994  29   37   
995  26   29   
996  31   26   
997  26   32   
998  23   35   
999  19   27   
1000 23   24   
1001 11   31   
1002 17   31   
1003 17   34   
1004 9    8    
1005 20   26   
1006 23   18   
1007 30   35   
1008 30   32   
1009 15   18   
1010 29   17   
1011 13   2    
1012 9    22   
1013 29   25   
1014 2    18   
1015 24   15   
1016 10   6    
1017 3    29   
1018 6    31   
1019 32   20   
1020 21   20   
1021 15   37   
1022 9    32   
1023 17   4    
1024 30   18   
1025 9    6    
1026 22   22   
1027 16   32   
1028 26   13   
1029 19   30   
1030 33   34   
1031 23   9    
1032 25   9    
1033 15   15   
1034 31   24   
1035 21   4    
1036 15   10   
1037 38   19   
1038 25   10   
1039 15   3    
1040 18   16   
1041 4    29   
1042 11   8    
1043 28   25   
1044 9    20   
1045 19   34   
1046 19   14   
1047 5    9    
1048 14   8    
1049 5    28   
1050 33   13   
1051 23   27   
1052 18   29   
1053 3    15   
1054 15   5    
1055 17   10   
1056 7    23   
1057 5    15   
1058 12   23   
1059 25   7    
1060 34   30   
1061 32   31   
1062 10   35   
1063 36   15   
1064 27   26   
1065 15   33   
1066 23   4    
1067 27   1    
1068 21   25   
1069 12   10   
1070 7    10   
1071 13   4    
1072 37   21   
1073 35   22   
1074 14   4    
1075 29   16   
1076 17   28   
1077 30   23   
1078 17   9    
1079 18   30   
1080 35   23   
1081 10   38   
1082 8    16   
1083 5    14   
1084 5    29   
1085 24   18   
1086 35   21   
1087 33   26   
1088 18   2    
1089 18   33   
1090 22   36   
1091 22   25   
1092 33   2    
1093 29   35   
1094 25   5    
1095 9    30   
1096 30   20   
1097 8    25   
1098 31   28   
1099 32   17   
1100 28   8    
1101 8    30   
1102 27   22   
1103 21   21   
1104 20   35   
1105 32   16   
1106 12   14   
1107 37   23   
1108 17   20   
1109 12   33   
1110 27   12   
1111 15   36   
1112 20   27   
1113 17   6    
1114 6    28   
1115 19   23   
1116 34   12   
1117 10   21   
1118 32   4    
1119 7    18   
1120 5    21   
1121 18   21   
1122 33   12   
1123 33   15   
1124 21   33   
1125 33   17   
1126 36   28   
1127 14   17   
1128 24   38   
1129 15   31   
1130 19   7    
1131 1    22   
1132 33   31   
1133 14   7    
1134 24   10   
1135 30   6    
1136 21   35   
1137 18   3    
1138 28   24   
1139 4    30   
1140 20   30   
1141 26   14   
1142 27   34   
1143 31   21   
1144 33   20   
1145 23   7    
1146 29   12   
1147 24   33   
1148 28   17   
1149 36   21   
1150 19   21   
1151 25   38   
1152 7    8    
1153 30   12   
1154 25   15   
1155 29   13   
1156 35   20   
1157 11   34   
1158 7    29   
1159 5    24   
1160 5    34   
1161 28   12   
1162 24   21   
1163 14   33   
1164 25   8    
1165 8    9    
1166 5    6    
1167 30   26   
1168 35   14   
1169 12   18   
1170 33   29   
1171 21   23   
1172 37   20   
1173 15   28   
1174 3    32   
1175 2    11   
1176 15   1    
1177 32   9    
1178 13   18   
1179 22   1    
1180 23   12   
1181 24   13   
1182 26   34   
1183 9    37   
1184 22   13   
1185 32   25   
1186 37   14   
1187 5    16   
1188 26   23   
1189 4    19   
1190 20   36   
1191 37   28   
1192 20   20   
1193 8    6    
1194 30   33   
1195 19   9    
1196 35   3    
1197 36   10   
1198 25   35   
1199 16   8    
1200 27   21   
1201 32   10   
1202 24   12   
1203 29   18   
1204 31   4    
1205 19   36   
1206 32   21   
1207 37   15   
1208 7    30   
1209 28   22   
1210 26   24   
1211 36   17   
1212 33   18   
1213 1    12   
1214 29   31   
1215 38   17   
1216 9    27   
1217 32   6    
1218 23   15   
1219 22   9    
1220 16   24   
1221 11   29   
1222 1    13   
1223 16   9    
1224 15   12   
1225 16   26   
1226 32   33   
1227 28   27   
1228 27   30   
1229 31   19   
1230 32   26   
1231 21   10   
1232 22   20   
1233 5    10   
1234 15   20   
1235 30   28   
1236 28   11   
1237 5    35   
1238 18   36   
1239 14   21   
1240 13   9    
1241 36   22   
1242 31   18   
1243 25   26   
1244 30   17   
1245 26   4    
1246 18   5    
1247 24   5    
1248 32   22   
1249 14   14   
1250 17   2    
1251 32   30   
1252 22   29   
1253 13   27   
1254 10   19   
1255 15   14   
1256 36   23   
1257 33   7    
1258 13   13   
1259 8    20   
1260 2    16   
1261 29   6    
1262 8    14   
1263 12   3    
1264 37   26   
1265 24   6    
1266 23   25   
1267 22   3    
1268 14   1    
1269 35   8    
1270 10   34   
1271 32   13   
1272 11   3    
1273 33   9    
1274 31   25   
1275 8    10   
